0 11111111 0 11111111
1 11111111 0 11111111
2 11111111 0 11111111
3 11111111 0 11111111
4 11111111 0 11111111
5 11111111 0 11111111
6 11111111 0 11111111
7 11111111 0 11111111
8 11111111 0 11111111
9 11111111 0 11111111
0 11111111 0 11111111
1 11111111 0 11111111
2 11111111 0 11111111
3 11111111 0 11111111
4 11111111 0 11111111
5 11111111 0 11111111
6 11111111 0 11111111
7 11111111 0 11111111
8 11111111 0 11111111
9 11111111 0 11111111
0 11111111 0 11111111
1 11111111 0 11111111
2 11111111 0 11111111
3 11111111 0 11111111
4 11111111 0 11111111
5 11111111 0 11111111
6 11111111 0 11111111
7 11111111 0 11111111
8 11111111 0 11111111
9 11111111 0 11111111
0 11111111 0 11111111
1 11111111 0 11111111
2 11111111 0 11111111
3 11111111 0 11111111
4 11111111 0 11111111
5 11111111 0 11111111
6 11111111 0 11111111
7 11111111 0 11111111
8 11111111 0 11111111
9 11111111 0 11111111
0 11111111 0 11111111
1 11111111 0 11111111
2 11111111 0 11111111
3 11111111 0 11111111
4 11111111 0 11111111
5 11111111 0 11111111
6 11111111 0 11111111
7 11111111 0 11111111
8 11111111 0 11111111
9 11111111 0 11111111
0 11111111 0 11111111
1 11111111 0 11111111
2 11111111 0 11111111
3 11111111 0 11111111
4 11111111 0 11111111
5 11111111 0 11111111
6 11111111 0 11111111
7 11111111 0 11111111
8 11111111 0 11111111
9 11111111 0 11111111
0 11111111 0 11111111
1 11111111 0 11111111
2 11111111 0 11111111
3 11111111 1 11111111